177
50
5
12
Toronto
01/01/2020
3242.5201/01/202
402
134
50
5
10
New_York
02/01/2020
4228
534
155
50
2
7
Houston
01/01/2020
1607
604
190
50
10
18
Parigi
02/01/2020
9213.01
1454
101
50
10
20
Madrid
03/01/2020
9080.14
781
223
50
11
13
Roma
03/01/2020
10255
1050
247
50
13
20
Parigi
03/01/2020
9213.01
1387
250
50
5
8
New York
02/01/2020
4228
760
231
50
2
19
Houston
02/01/2020
1607
532
222
50
5
21
Toronto
02/01/2020
3242.52
328
354
50
9
14
Barcelona
02/01/2020
9480
987
300
50
10
21
Madrid
02/01/2020
9080.14
650
367
50
5
9
Toronto
03/01/2020
3242.52
560
364
50
11
20
Roma
01/01/2020
10255
1234
333
50
5
22
New York
01/01/2020
4228
644
465
50
10
15
Francoforte
03/01/2020
9565.38
1450
404
50
12
22
Monaco
02/01/2020
9860.45
853
434
50
14
10
Napoli
03/01/2020
10420
1678
480
50
12
21
Monaco
02/01/2020
9860.45
870
444
50
2
23
Houston
01/01/2020
1607
687
520
50
10
16
Milano
01/01/2020
9835
1307
500
50
14
23
Napoli
02/01/2020
10420
1456
543
50
10
11
Madrid
03/01/2020
9080.14
820
564
50
5
22
Toronto
02/01/2020
3242.52
820
555
50
10
24
Parigi
01/01/2020
9213.01
1555